[eg2109]
secid = EG2109.XDCE
ticker = eg2109
exchangecd = XDCE
secshortname = Á¬ÒÒ¶þ´¼2109
secshortnameen = Ethylene Glycol 2109
tradedate = 2021-07-15
contractobject = EG
contractmark = L2
presettleprice = 5185
precloseprice = 5258
openprice = 5278
highestprice = 5306
lowestprice = 5150
settleprice = 5226
closeprice = 5225
turnovervol = 317839
turnovervalue = 16613305550
openint = 242536
chg = 40
chg1 = 41
chgpct = 0.00771456
maincon = 1
smaincon = 0
hh = 5280.0
lc = 4987.0
hc = 5258.0
ll = 4957.0
accstd = 80.83810982451307
tradedate1 = 20210715
up_limit_price = 5644
down_limit_price = 4808

