[rb2310]
secid = RB2310.XSGE
ticker = rb2310
exchangecd = XSGE
secshortname = »¦ÂÝ¸Ö2310
secshortnameen = Steel Rebar 2310
tradedate = 2023-07-26
contractobject = RB
contractmark = L2
presettleprice = 3838
precloseprice = 3857
openprice = 3855
highestprice = 3877
lowestprice = 3835
settleprice = 3854
closeprice = 3851
turnovervol = 1868445
turnovervalue = 72011198520
openint = 2018640
chg = 13
chg1 = 16
chgpct = 0.00338718
maincon = 1
smaincon = 0
hh = 3877.0
lc = 3784.0
hc = 3857.0
ll = 3747.0
accstd = 36.33593262873555
product_id = rb
up_limit_price = 4046
down_limit_price = 3662

[p2309]
secid = P2309.XDCE
ticker = p2309
exchangecd = XDCE
secshortname = Á¬×ØÓÍ2309
secshortnameen = RBD Palm Olein 2309
tradedate = 2023-07-26
contractobject = P
contractmark = L1
presettleprice = 7692
precloseprice = 7680
openprice = 7656
highestprice = 7850
lowestprice = 7636
settleprice = 7736
closeprice = 7824
turnovervol = 824153
turnovervalue = 63757575440
openint = 407870
chg = 132
chg1 = 44
chgpct = 0.01716069
maincon = 1
smaincon = 0
hh = 7850.0
lc = 7528.0
hc = 7824.0
ll = 7510.0
accstd = 79.7671611629757
product_id = p
up_limit_price = 8277
down_limit_price = 7195

[eg2309]
secid = EG2309.XDCE
ticker = eg2309
exchangecd = XDCE
secshortname = Á¬ÒÒ¶þ´¼2309
secshortnameen = Ethylene Glycol 2309
tradedate = 2023-07-26
contractobject = EG
contractmark = L2
presettleprice = 4100
precloseprice = 4147
openprice = 4130
highestprice = 4198
lowestprice = 4130
settleprice = 4165
closeprice = 4166
turnovervol = 292085
turnovervalue = 12167510630
openint = 389989
chg = 66
chg1 = 65
chgpct = 0.01609756
maincon = 1
smaincon = 0
hh = 4198.0
lc = 4059.0
hc = 4166.0
ll = 4056.0
accstd = 32.42375672250232
product_id = eg
up_limit_price = 4456
down_limit_price = 3874

[ag2310]
secid = AG2310.XSGE
ticker = ag2310
exchangecd = XSGE
secshortname = »¦°×Òø2310
secshortnameen = Silver 2310
tradedate = 2023-07-26
contractobject = AG
contractmark = L2
presettleprice = 5816
precloseprice = 5823
openprice = 5829
highestprice = 5864
lowestprice = 5814
settleprice = 5840
closeprice = 5862
turnovervol = 639871
turnovervalue = 56056170120
openint = 397530
chg = 46
chg1 = 24
chgpct = 0.00790922
maincon = 1
smaincon = 0
hh = 5983.0
lc = 5823.0
hc = 5932.0
ll = 5792.0
accstd = 51.655590210546734
product_id = ag
up_limit_price = 6248
down_limit_price = 5432

