[rb2210]
secid = RB2210.XSGE
ticker = rb2210
exchangecd = XSGE
secshortname = »¦ÂÝ¸Ö2210
secshortnameen = Steel Rebar 2210
tradedate = 2022-06-06
contractobject = RB
contractmark = L4
presettleprice = 4733
precloseprice = 4788
openprice = 4798
highestprice = 4798
lowestprice = 4738
settleprice = 4774
closeprice = 4750
turnovervol = 976089
turnovervalue = 46601272240
openint = 1800987
chg = 17
chg1 = 41
chgpct = 0.0035918
maincon = 1
smaincon = 0
hh = 4798.0
lc = 4621.0
hc = 4788.0
ll = 4580.0
accstd = 62.4603874467648
product_id = rb
up_limit_price = 5299
down_limit_price = 4249

[p2209]
secid = P2209.XDCE
ticker = p2209
exchangecd = XDCE
secshortname = Á¬×ØÓÍ2209
secshortnameen = RBD Palm Olein 2209
tradedate = 2022-06-06
contractobject = P
contractmark = L3
presettleprice = 11954
precloseprice = 12062
openprice = 12182
highestprice = 12200
lowestprice = 11914
settleprice = 12046
closeprice = 12080
turnovervol = 428934
turnovervalue = 51672632240
openint = 386357
chg = 126
chg1 = 92
chgpct = 0.0105404
maincon = 1
smaincon = 0
hh = 12200.0
lc = 11732.0
hc = 12080.0
ll = 11682.0
accstd = 92.62397097943996
product_id = p
up_limit_price = 13250
down_limit_price = 10842

[eg2209]
secid = EG2209.XDCE
ticker = eg2209
exchangecd = XDCE
secshortname = Á¬ÒÒ¶þ´¼2209
secshortnameen = Ethylene Glycol 2209
tradedate = 2022-06-06
contractobject = EG
contractmark = L3
presettleprice = 5072
precloseprice = 5060
openprice = 5143
highestprice = 5195
lowestprice = 5059
settleprice = 5133
closeprice = 5138
turnovervol = 290248
turnovervalue = 14898507940
openint = 320803
chg = 66
chg1 = 61
chgpct = 0.01301262
maincon = 1
smaincon = 0
hh = 5195.0
lc = 5023.0
hc = 5138.0
ll = 4870.0
accstd = 69.75313613021194
product_id = eg
up_limit_price = 5646
down_limit_price = 4620

[ag2212]
secid = AG2212.XSGE
ticker = ag2212
exchangecd = XSGE
secshortname = »¦°×Òø2212
secshortnameen = Silver 2212
tradedate = 2022-06-06
contractobject = AG
contractmark = nan
presettleprice = 4721
precloseprice = 4743
openprice = 4750
highestprice = 4834
lowestprice = 4734
settleprice = 4804
closeprice = 4824
turnovervol = 242664
turnovervalue = 17487633405
openint = 406441
chg = 103
chg1 = 83
chgpct = 0.02181741
maincon = 1
smaincon = 0
hh = 4853.0
lc = 4673.0
hc = 4824.0
ll = 4657.0
accstd = 55.29647366695323
product_id = ag
up_limit_price = 5284
down_limit_price = 4324

